MEME version 4

ALPHABET= ACGT

strands: + -

Background letter frequencies
A 0.25 C 0.25 G 0.25 T 0.25

MOTIF REST
letter-probability matrix: alength= 4 w= 25 nsites= 528
0.1799	0.2765	0.2405	0.3030
0.2140	0.1307	0.3674	0.2879
0.1629	0.0436	0.6553	0.1383
0.0739	0.2273	0.5360	0.1629
0.2860	0.4186	0.0284	0.2670
0.1477	0.1345	0.5530	0.1648
0.0208	0.9223	0.0189	0.0379
0.0057	0.0227	0.0095	0.9621
0.0473	0.1648	0.7727	0.0152
0.0265	0.0227	0.0833	0.8674
0.0019	0.9678	0.0114	0.0189
0.0057	0.9697	0.0057	0.0189
0.5360	0.1004	0.1970	0.1667
0.2292	0.0701	0.1364	0.5644
0.0436	0.0038	0.9299	0.0227
0.0038	0.0000	0.9905	0.0057
0.0057	0.0019	0.0000	0.9924
0.0795	0.1799	0.6648	0.0758
0.0038	0.9773	0.0133	0.0057
0.0076	0.0303	0.0057	0.9564
0.0492	0.0265	0.8883	0.0360
0.7443	0.0947	0.1269	0.0341
0.5398	0.2254	0.1155	0.1193
0.2481	0.3371	0.2140	0.2008
0.2424	0.3144	0.1913	0.2519
URL none

MOTIF CTCF
letter-probability matrix: alength= 4 w= 18 nsites= 11769
0.1382	0.2835	0.2218	0.3566
0.4166	0.1110	0.3212	0.1513
0.1148	0.2986	0.4787	0.1079
0.0755	0.4366	0.0800	0.4079
0.1026	0.0592	0.6497	0.1884
0.0760	0.8229	0.0616	0.0395
0.0138	0.9582	0.0109	0.0171
0.3334	0.5857	0.0146	0.0663
0.0037	0.6246	0.0031	0.3685
0.0051	0.9863	0.0014	0.0072
0.0536	0.0727	0.0105	0.8631
0.3811	0.0607	0.4166	0.1416
0.0353	0.3471	0.5468	0.0708
0.1661	0.0943	0.0558	0.6838
0.0132	0.0189	0.9252	0.0428
0.0734	0.0729	0.7470	0.1067
0.1824	0.4266	0.1091	0.2819
0.2496	0.3207	0.1997	0.2300
URL none

MOTIF ZNF143
letter-probability matrix: alength= 4 w= 28 nsites= 399
0.2431	0.2707	0.3183	0.1679
0.3183	0.1830	0.2807	0.2180
0.3709	0.0251	0.5789	0.0251
0.4687	0.0251	0.4862	0.0201
0.9649	0.0201	0.0075	0.0075
0.0100	0.9799	0.0050	0.0050
0.0000	0.0351	0.0150	0.9499
0.8997	0.0551	0.0326	0.0125
0.0050	0.9749	0.0075	0.0125
0.8897	0.0276	0.0752	0.0075
0.3935	0.0727	0.0501	0.4837
0.0326	0.2907	0.0752	0.6015
0.0677	0.0251	0.0050	0.9023
0.0050	0.9875	0.0025	0.0050
0.0025	0.9925	0.0025	0.0025
0.0000	0.9925	0.0025	0.0050
0.9073	0.0000	0.0902	0.0025
0.0451	0.0702	0.7870	0.0977
0.5088	0.2957	0.1679	0.0276
0.6466	0.1003	0.2356	0.0175
0.1103	0.0677	0.3709	0.4511
0.0677	0.3258	0.4887	0.1178
0.0326	0.9198	0.0226	0.0251
0.1654	0.5138	0.0451	0.2757
0.1053	0.4762	0.1328	0.2857
0.0827	0.4511	0.0977	0.3684
0.0777	0.0576	0.8045	0.0602
0.0652	0.6316	0.2481	0.0551
URL none

MOTIF NFY
letter-probability matrix: alength= 4 w= 18 nsites= 730
0.2000	0.3260	0.3014	0.1726
0.1164	0.3904	0.2712	0.2219
0.0315	0.5822	0.1973	0.1890
0.4781	0.0507	0.4603	0.0110
0.2112	0.0398	0.6447	0.1043
0.0027	0.9973	0.0000	0.0000
0.0000	0.9959	0.0014	0.0027
0.9973	0.0000	0.0000	0.0027
0.9959	0.0000	0.0027	0.0014
0.0014	0.0014	0.0000	0.9973
0.0274	0.6653	0.2894	0.0178
0.5562	0.0740	0.3671	0.0027
0.0837	0.1907	0.6996	0.0261
0.3836	0.3397	0.2342	0.0425
0.2346	0.0782	0.6159	0.0713
0.1644	0.3507	0.3767	0.1082
0.0904	0.4205	0.3808	0.1082
0.1205	0.4699	0.3055	0.1041
URL none

MOTIF SIX
letter-probability matrix: alength= 4 w= 18 nsites= 735
0.2014	0.2340	0.3810	0.1837
0.1605	0.3497	0.2095	0.2803
0.1170	0.0136	0.1347	0.7347
0.0000	0.0041	0.9959	0.0000
0.4939	0.0231	0.0150	0.4680
0.9714	0.0177	0.0014	0.0095
0.9918	0.0014	0.0000	0.0068
0.0041	0.6226	0.0136	0.3597
0.0749	0.6431	0.0422	0.2398
0.0204	0.1471	0.0245	0.8079
0.0150	0.0014	0.9795	0.0041
0.9877	0.0014	0.0068	0.0041
0.0776	0.2190	0.3075	0.3959
0.4286	0.4912	0.0286	0.0517
0.0735	0.7007	0.0476	0.1782
0.0993	0.5224	0.1388	0.2395
0.2177	0.3619	0.1483	0.2721
0.2884	0.2544	0.1986	0.2585
URL none

MOTIF IRF
letter-probability matrix: alength= 4 w= 23 nsites= 341
0.3050	0.1642	0.3109	0.2199
0.4428	0.1584	0.2229	0.1760
0.5529	0.1235	0.1412	0.1824
0.5630	0.0968	0.1789	0.1613
0.3138	0.2258	0.2581	0.2023
0.2581	0.1290	0.2111	0.4018
0.1232	0.0440	0.7947	0.0381
0.9560	0.0029	0.0411	0.0000
0.9853	0.0000	0.0088	0.0059
0.9853	0.0029	0.0088	0.0029
0.1642	0.2170	0.6100	0.0088
0.0821	0.1408	0.0117	0.7654
0.0264	0.0029	0.9648	0.0059
0.9707	0.0000	0.0147	0.0147
0.9795	0.0117	0.0059	0.0029
0.9707	0.0088	0.0117	0.0088
0.0176	0.4223	0.5455	0.0147
0.0882	0.2765	0.0441	0.5912
0.5630	0.0674	0.2815	0.0880
0.4604	0.1965	0.1906	0.1525
0.4780	0.1554	0.1730	0.1935
0.3138	0.2023	0.2405	0.2434
0.2669	0.2317	0.2434	0.2581
URL none

MOTIF MEF2
letter-probability matrix: alength= 4 w= 15 nsites= 479
0.3236	0.0752	0.2547	0.3466
0.1482	0.0752	0.4384	0.3382
0.0586	0.7699	0.0314	0.1402
0.0063	0.0605	0.0000	0.9332
0.9207	0.0104	0.0063	0.0626
0.6883	0.0021	0.0105	0.2992
0.9455	0.0021	0.0000	0.0524
0.9248	0.0125	0.0000	0.0626
0.9287	0.0000	0.0021	0.0692
0.0063	0.0188	0.0000	0.9749
0.9749	0.0000	0.0105	0.0146
0.1318	0.0272	0.7803	0.0607
0.3299	0.4676	0.0772	0.1253
0.3424	0.2756	0.0585	0.3236
0.2067	0.3466	0.1837	0.2630
URL none

MOTIF OCT-SOX
letter-probability matrix: alength= 4 w= 18 nsites= 9502
0.1097	0.4116	0.1597	0.3191
0.1205	0.3897	0.0763	0.4135
0.5002	0.0393	0.0465	0.4140
0.0390	0.0655	0.0268	0.8687
0.0924	0.0064	0.0243	0.8769
0.1583	0.3313	0.4141	0.0963
0.3899	0.0140	0.0188	0.5773
0.2548	0.1962	0.1108	0.4382
0.8590	0.0111	0.0354	0.0946
0.0183	0.0054	0.0167	0.9596
0.0161	0.0057	0.7298	0.2484
0.0683	0.5032	0.1045	0.3240
0.5825	0.0398	0.0345	0.3432
0.5794	0.0586	0.1624	0.1996
0.7503	0.0610	0.0686	0.1201
0.2296	0.0970	0.1228	0.5505
0.2268	0.1767	0.2137	0.3828
0.2825	0.1621	0.1704	0.3851
URL none

MOTIF TEAD-TEAD
letter-probability matrix: alength= 4 w= 21 nsites= 382
0.2408	0.2461	0.2461	0.2670
0.2572	0.3150	0.2126	0.2152
0.5340	0.0471	0.1178	0.3010
0.2921	0.0237	0.6342	0.0500
0.1126	0.0497	0.8246	0.0131
0.7618	0.0995	0.0340	0.1047
0.9974	0.0000	0.0000	0.0026
0.0131	0.0131	0.0026	0.9712
0.0131	0.1073	0.4686	0.4110
0.0471	0.5026	0.0654	0.3848
0.2670	0.4084	0.1911	0.1335
0.6571	0.0236	0.1021	0.2173
0.3150	0.0157	0.6562	0.0131
0.0421	0.0342	0.9079	0.0158
0.8508	0.0707	0.0105	0.0681
0.9817	0.0000	0.0052	0.0131
0.0157	0.0026	0.0079	0.9738
0.0052	0.0576	0.5785	0.3586
0.0550	0.4634	0.0628	0.4188
0.2565	0.2592	0.2539	0.2304
0.2861	0.1969	0.2546	0.2625
URL none

MOTIF NFI
letter-probability matrix: alength= 4 w= 20 nsites= 1768
0.2494	0.2014	0.2698	0.2794
0.2555	0.2244	0.2148	0.3053
0.1057	0.5201	0.1781	0.1962
0.0741	0.3590	0.0582	0.5088
0.0588	0.0102	0.3200	0.6111
0.0034	0.0000	0.9938	0.0028
0.0243	0.0000	0.9683	0.0074
0.1483	0.8257	0.0175	0.0085
0.4257	0.1922	0.0560	0.3262
0.1690	0.2600	0.3624	0.2086
0.1979	0.2917	0.2900	0.2205
0.1867	0.3790	0.2506	0.1838
0.2742	0.0871	0.1718	0.4669
0.0198	0.0458	0.6190	0.3154
0.0068	0.9808	0.0000	0.0124
0.0000	0.9994	0.0006	0.0000
0.9276	0.0514	0.0034	0.0175
0.5042	0.0311	0.4347	0.0300
0.2742	0.2216	0.4308	0.0735
0.3533	0.2041	0.2109	0.2318
URL none

MOTIF CEBP
letter-probability matrix: alength= 4 w= 14 nsites= 452
0.2987	0.2013	0.2677	0.2323
0.2279	0.1327	0.2810	0.3584
0.4757	0.1438	0.3650	0.0155
0.0000	0.0000	0.0022	0.9978
0.0044	0.0111	0.0044	0.9801
0.0863	0.0044	0.7544	0.1549
0.0066	0.9912	0.0000	0.0022
0.6527	0.0044	0.2279	0.1150
0.1239	0.7168	0.0044	0.1549
0.9668	0.0177	0.0155	0.0000
0.9956	0.0022	0.0000	0.0022
0.0177	0.3451	0.1726	0.4646
0.3606	0.3009	0.1062	0.2323
0.2677	0.2500	0.1836	0.2987
URL none

MOTIF AP1
letter-probability matrix: alength= 4 w= 13 nsites= 5989
0.2476	0.1997	0.3127	0.2399
0.2568	0.2055	0.3079	0.2298
0.4724	0.2039	0.2708	0.0529
0.0210	0.0219	0.0085	0.9486
0.0078	0.0159	0.8424	0.1339
0.9304	0.0130	0.0040	0.0526
0.1364	0.0230	0.7918	0.0488
0.0013	0.0045	0.0015	0.9927
0.0676	0.9300	0.0013	0.0010
0.9938	0.0005	0.0040	0.0017
0.0199	0.3031	0.1301	0.5470
0.2106	0.3708	0.1550	0.2637
0.2910	0.2379	0.2386	0.2324
URL none

MOTIF RFX
letter-probability matrix: alength= 4 w= 18 nsites= 436
0.1216	0.3739	0.1927	0.3119
0.1889	0.2581	0.2811	0.2719
0.1904	0.0115	0.7913	0.0069
0.0344	0.0367	0.0252	0.9037
0.0826	0.2041	0.0115	0.7018
0.2529	0.0713	0.4483	0.2276
0.0023	0.9266	0.0138	0.0573
0.0023	0.8899	0.0000	0.1078
0.9128	0.0321	0.0138	0.0413
0.0505	0.0183	0.0206	0.9106
0.1147	0.0000	0.8830	0.0023
0.0367	0.0000	0.9633	0.0000
0.1376	0.6950	0.0183	0.1491
0.9174	0.0023	0.0665	0.0138
0.9885	0.0023	0.0069	0.0023
0.0023	0.9771	0.0023	0.0183
0.3945	0.3853	0.0826	0.1376
0.2936	0.1835	0.4106	0.1124
URL none

MOTIF NRF
letter-probability matrix: alength= 4 w= 15 nsites= 489
0.3436	0.1902	0.2331	0.2331
0.1207	0.4417	0.2781	0.1595
0.0573	0.1963	0.1943	0.5521
0.0961	0.0286	0.8691	0.0061
0.0675	0.9080	0.0143	0.0102
0.0164	0.0102	0.9693	0.0041
0.0082	0.9550	0.0245	0.0123
0.5808	0.2965	0.0920	0.0307
0.0102	0.0450	0.1125	0.8323
0.0061	0.0041	0.9877	0.0020
0.0000	0.9959	0.0020	0.0020
0.0000	0.0061	0.9714	0.0225
0.0000	0.9509	0.0184	0.0307
0.4172	0.1370	0.4049	0.0409
0.1656	0.2761	0.4335	0.1247
URL none

MOTIF RUNX
letter-probability matrix: alength= 4 w= 12 nsites= 1710
0.1485	0.2649	0.2146	0.3719
0.0901	0.4421	0.0462	0.4216
0.0257	0.0164	0.0099	0.9479
0.0006	0.0111	0.9801	0.0082
0.0123	0.0105	0.0035	0.9737
0.0006	0.0006	0.9971	0.0018
0.0029	0.0006	0.9953	0.0012
0.0082	0.0684	0.0310	0.8924
0.0433	0.2702	0.0228	0.6637
0.3554	0.0363	0.0890	0.5193
0.1468	0.2456	0.3573	0.2503
0.2553	0.2611	0.2477	0.2359
URL none

MOTIF GRHL
letter-probability matrix: alength= 4 w= 26 nsites= 131
0.4198	0.1832	0.1298	0.2672
0.3130	0.1832	0.1832	0.3206
0.1298	0.5878	0.1603	0.1221
0.2290	0.2977	0.1679	0.3053
0.3740	0.1145	0.2443	0.2672
0.3206	0.1221	0.5267	0.0305
0.3053	0.1832	0.2214	0.2901
0.3740	0.1832	0.1527	0.2901
0.5878	0.0763	0.2061	0.1298
0.9466	0.0000	0.0382	0.0153
0.9847	0.0000	0.0000	0.0153
0.0000	1.0000	0.0000	0.0000
0.1145	0.8015	0.0000	0.0840
0.2672	0.0076	0.3740	0.3511
0.0000	0.0000	1.0000	0.0000
0.2519	0.0305	0.0076	0.7099
0.2595	0.1527	0.0000	0.5878
0.3130	0.1603	0.0382	0.4885
0.2901	0.0840	0.2595	0.3664
0.4885	0.0840	0.1832	0.2443
0.0000	0.7863	0.0916	0.1221
0.2366	0.2824	0.0840	0.3969
0.4885	0.1221	0.2977	0.0916
0.1298	0.1527	0.6183	0.0992
0.1450	0.1145	0.0763	0.6641
0.1221	0.1374	0.0534	0.6870
URL none

MOTIF ZIC
letter-probability matrix: alength= 4 w= 16 nsites= 1622
0.2855	0.2287	0.2250	0.2608
0.2563	0.1195	0.3333	0.2908
0.2218	0.6322	0.0992	0.0468
0.4184	0.1959	0.1516	0.2341
0.0160	0.9605	0.0068	0.0166
0.7033	0.1407	0.0216	0.1345
0.0739	0.1238	0.7770	0.0253
0.0080	0.9174	0.0228	0.0518
0.8552	0.0148	0.0388	0.0912
0.0099	0.0111	0.9328	0.0462
0.0080	0.0142	0.9643	0.0136
0.2978	0.1017	0.4112	0.1893
0.2263	0.1036	0.5549	0.1153
0.2428	0.1115	0.4646	0.1811
0.0881	0.3746	0.2015	0.3358
0.2458	0.3623	0.1707	0.2212
URL none

MOTIF TEAD
letter-probability matrix: alength= 4 w= 12 nsites= 1703
0.2807	0.1920	0.2384	0.2889
0.2858	0.4149	0.1532	0.1461
0.6453	0.0211	0.0411	0.2924
0.0898	0.0047	0.8985	0.0070
0.0117	0.0018	0.9777	0.0088
0.9660	0.0088	0.0094	0.0158
0.9900	0.0029	0.0023	0.0047
0.0147	0.0029	0.0053	0.9771
0.0059	0.0170	0.6948	0.2823
0.0112	0.5575	0.0100	0.4214
0.3312	0.2701	0.2537	0.1450
0.2670	0.1984	0.3457	0.1890
URL none

MOTIF ETS
letter-probability matrix: alength= 4 w= 14 nsites= 2470
0.4077	0.1887	0.2478	0.1559
0.3235	0.1870	0.3393	0.1502
0.5267	0.0704	0.2939	0.1089
0.0794	0.7838	0.1231	0.0138
0.7781	0.1769	0.0101	0.0348
0.0004	0.0016	0.9972	0.0008
0.0028	0.0045	0.9891	0.0036
0.9660	0.0045	0.0053	0.0243
0.8575	0.0028	0.0069	0.1328
0.4551	0.0089	0.5032	0.0328
0.0190	0.2272	0.0360	0.7177
0.1725	0.1178	0.5445	0.1652
0.2487	0.2446	0.4087	0.0980
0.1977	0.3183	0.2697	0.2143
URL none

MOTIF CREB
letter-probability matrix: alength= 4 w= 14 nsites= 816
0.2782	0.2243	0.2745	0.2230
0.2757	0.1324	0.4130	0.1789
0.6630	0.0993	0.2292	0.0086
0.0000	0.0012	0.0000	0.9988
0.0000	0.0049	0.9890	0.0061
0.9914	0.0012	0.0025	0.0049
0.0025	0.7892	0.1078	0.1005
0.4755	0.4326	0.0049	0.0870
0.0159	0.0074	0.0025	0.9743
0.0135	0.9804	0.0049	0.0012
0.9816	0.0074	0.0074	0.0037
0.0135	0.2475	0.0870	0.6520
0.1679	0.4289	0.1115	0.2917
0.2488	0.2647	0.2022	0.2843
URL none

MOTIF BHLH
letter-probability matrix: alength= 4 w= 20 nsites= 1793
0.3285	0.1339	0.1573	0.3804
0.4356	0.1355	0.2326	0.1963
0.5990	0.1590	0.1194	0.1227
0.1919	0.2036	0.1461	0.4584
0.2292	0.2002	0.2465	0.3240
0.3642	0.1790	0.3112	0.1456
0.3876	0.1885	0.2331	0.1907
0.4255	0.1796	0.1511	0.2437
0.4741	0.1634	0.1378	0.2248
0.3463	0.4763	0.1645	0.0128
0.0050	0.9933	0.0006	0.0011
0.9883	0.0011	0.0050	0.0056
0.0011	0.0301	0.8801	0.0887
0.5482	0.4417	0.0056	0.0045
0.0061	0.0056	0.0028	0.9855
0.0056	0.0050	0.9777	0.0117
0.0413	0.1468	0.2734	0.5385
0.1461	0.1729	0.2175	0.4635
0.1891	0.2292	0.2359	0.3458
0.2287	0.2253	0.2281	0.3179
URL none

MOTIF FOX
letter-probability matrix: alength= 4 w= 16 nsites= 1224
0.2451	0.1936	0.2794	0.2819
0.2149	0.2925	0.2296	0.2631
0.3031	0.1029	0.0833	0.5106
0.2042	0.2141	0.1471	0.4346
0.0335	0.0033	0.0082	0.9551
0.0441	0.0008	0.9534	0.0016
0.0033	0.0000	0.0000	0.9967
0.0016	0.0008	0.0000	0.9975
0.0008	0.0000	0.0000	0.9992
0.9592	0.0025	0.0212	0.0172
0.0082	0.4338	0.0417	0.5163
0.4730	0.0703	0.1225	0.3342
0.0753	0.1825	0.0434	0.6989
0.2778	0.0792	0.0596	0.5833
0.3459	0.1415	0.1938	0.3189
0.2230	0.2296	0.2239	0.3235
URL none

MOTIF NFKB
letter-probability matrix: alength= 4 w= 14 nsites= 581
0.2513	0.2651	0.2289	0.2547
0.2702	0.2427	0.1566	0.3305
0.1893	0.0671	0.5731	0.1704
0.0155	0.0069	0.9310	0.0466
0.1205	0.0034	0.8640	0.0120
0.6007	0.0034	0.3855	0.0103
0.8520	0.0671	0.0396	0.0413
0.7212	0.0207	0.0052	0.2530
0.0328	0.0103	0.0155	0.9414
0.0103	0.0069	0.0052	0.9776
0.0069	0.9466	0.0034	0.0431
0.0017	0.9914	0.0000	0.0069
0.4079	0.4441	0.0207	0.1274
0.2547	0.2582	0.2926	0.1945
URL none

MOTIF TFAP2
letter-probability matrix: alength= 4 w= 15 nsites= 2240
0.2594	0.3147	0.1540	0.2719
0.2885	0.3068	0.1956	0.2090
0.2062	0.1473	0.1129	0.5335
0.1661	0.1214	0.5469	0.1656
0.0089	0.6799	0.2982	0.0129
0.0031	0.9920	0.0009	0.0040
0.0027	0.8946	0.0018	0.1009
0.0098	0.2799	0.0170	0.6933
0.0924	0.5000	0.3754	0.0321
0.7799	0.0013	0.2152	0.0036
0.0196	0.0004	0.9795	0.0004
0.0004	0.0009	0.9987	0.0000
0.0232	0.7701	0.1862	0.0205
0.3667	0.1943	0.1452	0.2939
0.4219	0.1451	0.2607	0.1723
URL none

MOTIF OCT
letter-probability matrix: alength= 4 w= 15 nsites= 585
0.1744	0.3419	0.2342	0.2496
0.1299	0.2530	0.2564	0.3607
0.1385	0.2188	0.1231	0.5197
0.3248	0.4684	0.0923	0.1145
0.8376	0.0393	0.0496	0.0735
0.0188	0.0017	0.0017	0.9778
0.0017	0.0137	0.0017	0.9829
0.5829	0.0034	0.0137	0.4000
0.5504	0.0325	0.4120	0.0051
0.0137	0.9863	0.0000	0.0000
0.9949	0.0000	0.0017	0.0034
0.1915	0.0444	0.0034	0.7607
0.5428	0.0548	0.0993	0.3031
0.2427	0.1795	0.1880	0.3897
0.1829	0.3846	0.1846	0.2479
URL none

MOTIF EGR
letter-probability matrix: alength= 4 w= 15 nsites= 1018
0.2780	0.1503	0.2741	0.2976
0.2475	0.2073	0.3605	0.1847
0.1827	0.1090	0.1955	0.5128
0.1631	0.1169	0.6660	0.0540
0.2554	0.1749	0.0305	0.5393
0.0010	0.0010	0.9980	0.0000
0.0010	0.0059	0.0442	0.9489
0.0305	0.0000	0.9695	0.0000
0.0000	0.0000	0.9970	0.0030
0.0010	0.0030	0.9951	0.0010
0.3193	0.2819	0.0059	0.3929
0.0609	0.0059	0.8782	0.0550
0.0196	0.0108	0.7770	0.1925
0.3242	0.1159	0.3703	0.1896
0.3418	0.1326	0.2593	0.2662
URL none

MOTIF COE
letter-probability matrix: alength= 4 w= 17 nsites= 122
0.3033	0.2213	0.3197	0.1557
0.2787	0.2623	0.2295	0.2295
0.4754	0.2377	0.1148	0.1721
0.3689	0.0492	0.2869	0.2951
0.1066	0.4016	0.1230	0.3689
0.0082	0.2049	0.0246	0.7623
0.0000	0.9262	0.0246	0.0492
0.0000	0.9918	0.0000	0.0082
0.0082	0.9836	0.0000	0.0082
0.1803	0.3689	0.0246	0.4262
0.2623	0.0246	0.5492	0.1639
0.0164	0.0082	0.9754	0.0000
0.0984	0.0246	0.8770	0.0000
0.0492	0.0246	0.9016	0.0246
0.7131	0.0246	0.2459	0.0164
0.3279	0.3852	0.1721	0.1148
0.2623	0.3033	0.0984	0.3361
URL none

MOTIF SOX
letter-probability matrix: alength= 4 w= 13 nsites= 585
0.2205	0.1470	0.3111	0.3214
0.0991	0.2684	0.2598	0.3726
0.0154	0.7329	0.1045	0.1473
0.0051	0.4786	0.0068	0.5094
0.4274	0.0000	0.0017	0.5709
0.0000	0.0034	0.0000	0.9966
0.0000	0.0000	0.0000	1.0000
0.0017	0.0051	0.9932	0.0000
0.0017	0.0000	0.0103	0.9880
0.0803	0.2103	0.2103	0.4991
0.5077	0.1829	0.0615	0.2479
0.1966	0.1795	0.2051	0.4188
0.2274	0.1795	0.2051	0.3880
URL none

MOTIF SP
letter-probability matrix: alength= 4 w= 24 nsites= 646
0.1889	0.2879	0.4319	0.0913
0.1669	0.3060	0.4204	0.1066
0.1471	0.2879	0.4520	0.1130
0.1623	0.3168	0.4219	0.0989
0.3184	0.2257	0.2937	0.1623
0.2457	0.1267	0.5858	0.0417
0.0974	0.0263	0.7388	0.1376
0.1515	0.0031	0.8331	0.0124
0.0031	0.0031	0.9876	0.0062
0.0077	0.0062	0.9815	0.0046
0.0649	0.9212	0.0031	0.0108
0.0046	0.0015	0.9892	0.0046
0.0015	0.0124	0.9567	0.0294
0.1592	0.0170	0.8083	0.0155
0.0819	0.0541	0.8439	0.0201
0.0726	0.7991	0.0510	0.0773
0.0819	0.4977	0.1468	0.2736
0.2492	0.1424	0.2879	0.3204
0.1731	0.2658	0.4436	0.1175
0.1839	0.2396	0.4312	0.1453
0.1777	0.2411	0.4606	0.1206
0.1422	0.2952	0.4343	0.1283
0.1422	0.2921	0.3849	0.1808
0.1623	0.2504	0.4575	0.1298
URL none

MOTIF KLF
letter-probability matrix: alength= 4 w= 13 nsites= 6288
0.2311	0.3255	0.2122	0.2312
0.2807	0.1609	0.3286	0.2298
0.2628	0.0851	0.5214	0.1307
0.1490	0.6885	0.0545	0.1080
0.1040	0.6956	0.0170	0.1834
0.3823	0.5806	0.0102	0.0269
0.0399	0.9198	0.0008	0.0394
0.4529	0.0003	0.2723	0.2745
0.0000	0.9998	0.0002	0.0000
0.0000	0.9998	0.0002	0.0000
0.0054	0.8511	0.0030	0.1404
0.3985	0.1237	0.0504	0.4273
0.2064	0.2748	0.2371	0.2816
URL none

