>ATTTGCATAACAATG	OCT4-SOX2-TCF-NANOG(POU,Homeobox,HMG)/mES-Oct4-ChIP-Seq(GSE11431)/Homer,BestGuess:OCT4-SOX2-TCF-NANOG(POU,Homeobox,HMG)/mES-Oct4-ChIP-Seq(GSE11431)/Homer(1.000)	8.751420	-7.183775e+03	0	30001.0,11899.0,4508.4,4187.0,0.00e+00
0.768	0.081	0.045	0.106
0.023	0.012	0.003	0.962
0.028971028971029	0.101898101898102	0.013986013986014	0.855144855144855
0.19	0.008	0.007	0.795
0.161838161838162	0.0889110889110889	0.727272727272727	0.021978021978022
0.0850850850850851	0.908908908908909	0.001001001001001	0.005005005005005
0.974	0.01	0.001	0.015
0.0810810810810811	0.02002002002002	0.004004004004004	0.894894894894895
0.537	0.103	0.186	0.174
0.624	0.056	0.012	0.308
0.127	0.595	0.177	0.101
0.934065934065934	0.017982017982018	0.00999000999000999	0.037962037962038
0.924075924075924	0.014985014985015	0.030969030969031	0.02997002997003
0.398398398398398	0.012012012012012	0.038038038038038	0.551551551551552
0.222	0.053	0.644	0.081
