MEME version 4

ALPHABET= ACGT

strands: + -

Background letter frequencies
A 0.25 C 0.25 G 0.25 T 0.25

MOTIF OCT.SOX
letter-probability matrix: alength= 4 w= 16 nsites= 500
0.052000000000000005    0.52    0.194   0.234
0.074   0.53    0.08    0.316
0.38999999999999996     0.044   0.04    0.526
0.02    0.064   0.024   0.892
0.07200000000000001     0.022000000000000002    0.028   0.878
0.104   0.314   0.516   0.066
0.37999999999999995     0.036   0.032   0.5519999999999999
0.176   0.24999999999999997     0.09999999999999999     0.4739999999999999
0.884   0.02    0.032   0.064
0.014   0.002   0.016   0.968
0.012   0.008   0.922   0.058
0.014   0.76    0.094   0.132
0.79    0.02    0.03    0.16
0.62    0.06    0.254   0.066
0.8300000000000001      0.036000000000000004    0.068   0.066
0.16    0.13799999999999998     0.12199999999999998     0.58
URL http://hocomoco.autosome.ru/motif/PO5F1_HUMAN.H11MO.0.A

MOTIF KLF.SP
letter-probability matrix: alength= 4 w= 10 nsites= 500
0.42    0.02    0.204   0.356
0.008   0.0     0.988   0.004
0.002   0.0     0.992   0.006000000000000001
0.012   0.004   0.978   0.006000000000000001
0.026   0.44399999999999995     0.004   0.526
0.004   0.004   0.992   0.0
0.004   0.004   0.43799999999999994     0.5539999999999999
0.05    0.016   0.886   0.048
0.014   0.038000000000000006    0.882   0.066
0.054   0.628   0.068   0.25
URL http://hocomoco.autosome.ru/motif/KLF4_HUMAN.H11MO.0.A

MOTIF SOX
letter-probability matrix: alength= 4 w= 13 nsites= 500
0.104   0.22799999999999998     0.24599999999999997     0.422
0.036   0.352   0.262   0.35
0.01    0.642   0.08    0.268
0.016   0.728   0.01    0.246
0.292   0.01    0.0     0.698
0.0     0.002   0.002   0.996
0.0     0.0     0.0     1.0
0.016   0.156   0.808   0.02
0.062   0.018000000000000002    0.0     0.92
0.046   0.25399999999999995     0.208   0.49199999999999994
0.106   0.412   0.076   0.40599999999999997
0.102   0.312   0.136   0.44999999999999996
0.076   0.39599999999999996     0.258   0.27
URL http://hocomoco.autosome.ru/motif/SOX2_HUMAN.H11MO.0.A

MOTIF AP-1
letter-probability matrix: alength= 4 w= 11 nsites= 500
0.274   0.09799999999999999     0.304   0.324
0.264   0.348   0.274   0.11399999999999999
0.032   0.008   0.012   0.948
0.004   0.034   0.89    0.07200000000000001
0.934   0.002   0.0     0.064
0.0     0.0     0.954   0.046
0.012   0.012   0.0     0.976
0.05    0.926   0.014   0.01
0.978   0.008   0.004   0.01
0.074   0.366   0.262   0.298
0.318   0.35000000000000003     0.13    0.202
URL http://hocomoco.autosome.ru/motif/JUNB_HUMAN.H11MO.0.A

MOTIF CTCF
letter-probability matrix: alength= 4 w= 19 nsites= 500
0.09399999999999999     0.36    0.12599999999999997     0.42
0.152   0.16799999999999998     0.522   0.158
0.258   0.08399999999999999     0.5539999999999999      0.104
0.068   0.856   0.036000000000000004    0.04
0.002   0.996   0.002   0.0
0.7000000000000001      0.006000000000000001    0.242   0.052000000000000005
0.016   0.6519999999999999      0.322   0.01
0.098   0.5940000000000001      0.07400000000000001     0.234
0.906   0.018000000000000002    0.054   0.022000000000000002
0.002   0.002   0.992   0.004
0.38599999999999995     0.0     0.612   0.002
0.026   0.026   0.588   0.36
0.012   0.002   0.984   0.002
0.05    0.026000000000000002    0.86    0.064
0.068   0.876   0.012   0.044000000000000004
0.39599999999999996     0.013999999999999999    0.584   0.006
0.076   0.5619999999999999      0.32599999999999996     0.036
0.09599999999999999     0.422   0.11599999999999999     0.366
0.372   0.268   0.316   0.044
URL http://hocomoco.autosome.ru/motif/CTCF_HUMAN.H11MO.0.A

MOTIF NFI
letter-probability matrix: alength= 4 w= 17 nsites= 500
0.11800000000000001     0.488   0.212   0.182
0.076   0.43599999999999994     0.036   0.45199999999999996
0.066   0.022   0.16799999999999998     0.744
0.014   0.008   0.916   0.062
0.042   0.032   0.89    0.036000000000000004
0.20400000000000001     0.68    0.058   0.058
0.318   0.25399999999999995     0.064   0.364
0.092   0.41400000000000003     0.252   0.242
0.0     0.602   0.0     0.39799999999999996
0.234   0.4     0.17400000000000002     0.192
0.286   0.09    0.18    0.44399999999999995
0.02    0.088   0.628   0.264
0.024   0.858   0.046   0.07200000000000001
0.018000000000000002    0.962   0.008   0.012
0.67    0.244   0.014   0.07200000000000001
0.45599999999999996     0.06999999999999999     0.37799999999999995     0.09599999999999999
0.214   0.222   0.458   0.106
URL http://hocomoco.autosome.ru/motif/NFIC_HUMAN.H11MO.0.A

MOTIF TFAP2
letter-probability matrix: alength= 4 w= 15 nsites= 500
0.4161567831867409      0.18536390378570514     0.1931263379309937      0.2053529750965602
0.23111743297828644     0.09112058200265233     0.1346690372132377      0.5430929478058235
0.176760820251447       0.0943987013346236      0.4702264521454166      0.2586140262685129
0.01083349347589429     0.5206049578776308      0.43144925314849164     0.03711229549798323
0.0     1.0     0.0     0.0
0.0     0.9009731385955804      0.0     0.0990268614044197
0.050938521732264756    0.11130533543405674     0.01278467543301561     0.8249714674006629
0.0018385570176808407   0.0     0.7965664620978268      0.20159498088449246
0.5353335673326816      0.03858749906693436     0.40923637246787997     0.016842561132504066
0.14215888890918374     0.0     0.8560860377125398      0.0017550733782764794
0.0     0.0     1.0     0.0
0.04786472575512104     0.5561188743824665      0.3799974224383193      0.01601897742409312
0.30825409769984236     0.38163599942465926     0.0917398109438201      0.21837009193167836
0.5130410781371756      0.09342080591545962     0.204258006230773       0.18928010971659176
0.23852009222916265     0.14889302969571896     0.20839739686739764     0.40418948120772075
URL http://hocomoco.autosome.ru/motif/AP2A_HUMAN.H11MO.0.A

MOTIF TEAD
letter-probability matrix: alength= 4 w= 12 nsites= 500
0.48399999999999993     0.027999999999999997    0.42999999999999994     0.057999999999999996
0.194   0.76    0.04    0.006000000000000001
0.978   0.012   0.002   0.008
0.004   0.008   0.002   0.986
0.048   0.006000000000000001    0.07    0.876
0.004   0.932   0.036000000000000004    0.028
0.008   0.9     0.004   0.08800000000000001
0.534   0.041999999999999996    0.013999999999999999    0.41
0.176   0.136   0.544   0.144
0.162   0.38599999999999995     0.33799999999999997     0.11399999999999999
0.24    0.486   0.17600000000000002     0.098
0.42999999999999994     0.19399999999999998     0.11599999999999999     0.26
URL http://hocomoco.autosome.ru/motif/TEAD1_HUMAN.H11MO.0.A

MOTIF ZIC
letter-probability matrix: alength= 4 w= 15 nsites= 169
0.16568047337278108     0.15384615384615385     0.4556213017751479      0.22485207100591717
0.16568047337278108     0.23076923076923078     0.5325443786982249      0.07100591715976332
0.21893491124260356     0.4970414201183432      0.15976331360946747     0.1242603550295858
0.10059171597633136     0.46153846153846156     0.1242603550295858      0.3136094674556213
0.21893491124260356     0.378698224852071       0.09467455621301775     0.3076923076923077
0.0     0.9940828402366864      0.005917159763313609    0.0
0.08284023668639054     0.9053254437869822      0.0     0.011834319526627219
0.05917159763313609     0.1301775147928994      0.0     0.8106508875739645
0.047337278106508875    0.05917159763313609     0.8757396449704142      0.01775147928994083
0.0     0.9171597633136095      0.08284023668639054     0.0
0.047337278106508875    0.005917159763313609    0.011834319526627219    0.9349112426035503
0.011834319526627219    0.029585798816568046    0.9585798816568047      0.0
0.3254437869822485      0.029585798816568046    0.20118343195266272     0.4437869822485207
0.005917159763313609    0.029585798816568046    0.8757396449704142      0.08875739644970414
0.3727810650887574      0.25443786982248523     0.14201183431952663     0.23076923076923078
URL http://hocomoco.autosome.ru/motif/ZIC3_HUMAN.H11MO.0.B

MOTIF FOX
letter-probability matrix: alength= 4 w= 12 nsites= 500
0.016   0.0     0.0     0.984
0.246   0.004   0.75    0.0
0.002   0.0     0.0     0.998
0.004   0.0     0.056   0.9400000000000001
0.0     0.0     0.14400000000000002     0.856
0.782   0.0     0.20600000000000002     0.012
0.008   0.798   0.008   0.186
0.318   0.13799999999999998     0.004   0.54
0.032   0.314   0.10799999999999998     0.546
0.464   0.02    0.016   0.5
0.218   0.098   0.494   0.19
0.108   0.26    0.394   0.238
URL http://hocomoco.autosome.ru/motif/FOXA1_HUMAN.H11MO.0.A

MOTIF BHLH
letter-probability matrix: alength= 4 w= 14 nsites= 453
0.2052980132450331      0.4415011037527594      0.20309050772626933     0.1501103752759382
0.14569536423841062     0.695364238410596       0.026490066225165563    0.13245033112582782
0.6401766004415012      0.05077262693156733     0.046357615894039736    0.26269315673289184
0.057395143487858714    0.1258278145695364      0.49006622516556286     0.32671081677704195
0.13024282560706402     0.7306843267108168      0.04415011037527594     0.09492273730684327
0.10596026490066225     0.0     0.006622516556291392    0.8874172185430463
0.002207505518763797    0.17660044150110377     0.8101545253863135      0.011037527593818985
0.006622516556291391    0.29801324503311255     0.18101545253863133     0.5143487858719646
0.06181015452538632     0.20750551876379691     0.2207505518763797      0.5099337748344371
0.20750551876379691     0.2207505518763797      0.13024282560706402     0.4415011037527594
0.044150110375275935    0.5121412803532008      0.11920529801324502     0.32450331125827814
0.09492273730684327     0.5805739514348787      0.11037527593818985     0.2141280353200883
0.141280353200883       0.18763796909492272     0.18101545253863133     0.49006622516556286
0.11920529801324503     0.2737306843267108      0.37969094922737306     0.22737306843267108
URL http://hocomoco.autosome.ru/motif/LYL1_HUMAN.H11MO.0.A

MOTIF RUNX
letter-probability matrix: alength= 4 w= 11 nsites= 500
0.11399999999999999     0.212   0.302   0.372
0.15    0.47    0.038   0.34199999999999997
0.07    0.008   0.026000000000000002    0.896
0.002   0.006000000000000001    0.976   0.016
0.032   0.08600000000000001     0.01    0.872
0.0     0.0     0.994   0.006000000000000001
0.004   0.002   0.99    0.004
0.004   0.08600000000000001     0.034   0.876
0.028   0.156   0.04    0.776
0.284   0.04    0.11199999999999999     0.564
0.13799999999999998     0.352   0.24599999999999997     0.264
URL http://hocomoco.autosome.ru/motif/RUNX1_HUMAN.H11MO.0.A

MOTIF ETS
letter-probability matrix: alength= 4 w= 16 nsites= 229
0.3231441048034934      0.17467248908296942     0.3537117903930131      0.14847161572052403
0.30131004366812225     0.17467248908296942     0.4366812227074236      0.08733624454148471
0.5807860262008734      0.13537117903930132     0.2052401746724891      0.07860262008733625
0.5283842794759825      0.0611353711790393      0.38427947598253276     0.026200873362445413
0.5633187772925764      0.039301310043668124    0.388646288209607       0.008733624454148471
0.026200873362445413    0.8733624454148472      0.09170305676855896     0.008733624454148471
0.8908296943231441      0.10480349344978165     0.0     0.004366812227074236
0.0     0.0     1.0     0.0
0.0     0.004366812227074236    0.9956331877729258      0.0
0.9868995633187773      0.0     0.013100436681222707    0.0
0.9301310043668122      0.0     0.0     0.06986899563318777
0.4759825327510917      0.017467248908296942    0.5065502183406113      0.0
0.056768558951965066    0.3231441048034934      0.056768558951965066    0.5633187772925764
0.34934497816593885     0.13537117903930132     0.40611353711790393     0.1091703056768559
0.1091703056768559      0.26200873362445415     0.5676855895196506      0.0611353711790393
0.17467248908296942     0.28820960698689957     0.4366812227074236      0.10043668122270742
URL http://hocomoco.autosome.ru/motif/ETV2_HUMAN.H11MO.0.B

